341.0 899.0 367.0 843.0 432.0 865.0 410.0 924.0 plane 0
399.0 765.0 420.0 709.0 488.0 735.0 462.0 793.0 plane 0
462.0 655.0 515.0 623.0 553.0 686.0 505.0 716.0 plane 0
810.0 745.0 820.0 805.0 769.0 817.0 754.0 756.0 plane 0
754.0 1020.0 752.0 1024.0 691.0 1024.0 702.0 999.0 plane 2
526.0 269.0 523.0 265.0 528.0 259.0 532.0 262.0 small-vehicle 1
269.0 481.0 271.0 478.0 278.0 481.0 276.0 485.0 small-vehicle 1
429.0 639.0 433.0 636.0 439.0 642.0 435.0 645.0 large-vehicle 0
436.0 631.0 444.0 638.0 442.0 640.0 434.0 634.0 large-vehicle 0
438.0 630.0 441.0 627.0 448.0 634.0 445.0 636.0 large-vehicle 0
482.0 595.0 486.0 592.0 491.0 601.0 486.0 605.0 large-vehicle 0
487.0 591.0 492.0 589.0 498.0 599.0 493.0 602.0 large-vehicle 0
499.0 586.0 503.0 584.0 509.0 594.0 504.0 597.0 large-vehicle 0
565.0 582.0 559.0 581.0 560.0 568.0 565.0 568.0 large-vehicle 0
797.0 666.0 802.0 668.0 796.0 679.0 791.0 676.0 large-vehicle 0
622.0 96.0 627.0 98.0 624.0 106.0 619.0 104.0 small-vehicle 1
538.0 238.0 541.0 240.0 536.0 247.0 532.0 244.0 small-vehicle 0
563.0 249.0 566.0 251.0 562.0 258.0 558.0 255.0 small-vehicle 0
546.0 249.0 551.0 252.0 546.0 260.0 541.0 257.0 small-vehicle 0
507.0 284.0 511.0 287.0 505.0 294.0 501.0 289.0 small-vehicle 0
401.0 341.0 400.0 345.0 391.0 342.0 393.0 338.0 small-vehicle 1
463.0 320.0 465.0 323.0 457.0 327.0 455.0 323.0 small-vehicle 1
95.0 102.0 99.0 101.0 101.0 113.0 97.0 114.0 large-vehicle 0
112.0 57.0 115.0 56.0 117.0 65.0 113.0 66.0 small-vehicle 0
110.0 79.0 114.0 78.0 115.0 87.0 111.0 88.0 small-vehicle 1
315.0 967.0 339.0 913.0 406.0 936.0 377.0 994.0 plane 0
