315.0 837.0 314.0 833.0 320.0 827.0 322.0 833.0 small-vehicle 0
318.0 856.0 316.0 853.0 323.0 849.0 325.0 853.0 small-vehicle 0
358.0 38.0 363.0 39.0 361.0 47.0 357.0 45.0 small-vehicle 0
368.0 41.0 372.0 42.0 369.0 50.0 365.0 49.0 small-vehicle 0
329.0 121.0 324.0 118.0 328.0 111.0 333.0 112.0 small-vehicle 1
367.0 61.0 377.0 64.0 375.0 68.0 366.0 64.0 small-vehicle 0
386.0 68.0 394.0 72.0 392.0 75.0 385.0 72.0 small-vehicle 0
404.0 76.0 413.0 80.0 411.0 84.0 403.0 80.0 small-vehicle 0
348.0 61.0 352.0 62.0 348.0 70.0 345.0 68.0 small-vehicle 0
353.0 63.0 357.0 65.0 353.0 72.0 350.0 70.0 small-vehicle 0
355.0 70.0 359.0 70.0 356.0 78.0 353.0 77.0 small-vehicle 1
462.0 56.0 463.0 53.0 472.0 57.0 471.0 61.0 small-vehicle 0
467.0 47.0 469.0 44.0 477.0 48.0 475.0 52.0 small-vehicle 1
428.0 141.0 432.0 143.0 428.0 151.0 424.0 149.0 small-vehicle 0
320.0 155.0 315.0 152.0 319.0 145.0 323.0 146.0 small-vehicle 0
306.0 170.0 303.0 168.0 306.0 162.0 310.0 164.0 small-vehicle 1
314.0 151.0 311.0 150.0 314.0 143.0 318.0 145.0 small-vehicle 1
395.0 174.0 398.0 175.0 394.0 183.0 392.0 181.0 small-vehicle 0
399.0 177.0 402.0 178.0 399.0 185.0 396.0 184.0 small-vehicle 1
411.0 180.0 415.0 182.0 411.0 188.0 408.0 186.0 small-vehicle 1
448.0 510.0 451.0 512.0 449.0 519.0 445.0 517.0 small-vehicle 1
474.0 534.0 477.0 534.0 474.0 543.0 471.0 542.0 small-vehicle 0
966.0 620.0 988.0 569.0 1024.0 582.0 1024.0 647.0 plane 2
454.0 526.0 460.0 520.0 463.0 523.0 457.0 529.0 small-vehicle 0
468.0 531.0 471.0 532.0 469.0 540.0 466.0 538.0 small-vehicle 1
747.0 947.0 751.0 946.0 753.0 954.0 748.0 955.0 small-vehicle 1
730.0 979.0 736.0 978.0 735.0 985.0 730.0 986.0 small-vehicle 1
726.0 918.0 729.0 917.0 732.0 922.0 729.0 924.0 small-vehicle 1
534.0 754.0 530.0 752.0 534.0 744.0 537.0 746.0 small-vehicle 0
549.0 760.0 552.0 758.0 556.0 767.0 552.0 768.0 small-vehicle 0
549.0 741.0 552.0 742.0 551.0 751.0 546.0 750.0 small-vehicle 0
739.0 981.0 743.0 980.0 743.0 987.0 739.0 987.0 small-vehicle 1
749.0 992.0 753.0 991.0 754.0 999.0 750.0 1000.0 small-vehicle 1
713.0 955.0 718.0 953.0 719.0 967.0 714.0 967.0 large-vehicle 0
748.0 979.0 752.0 979.0 753.0 985.0 748.0 986.0 small-vehicle 1
312.0 846.0 310.0 842.0 317.0 837.0 318.0 841.0 small-vehicle 0
212.0 927.0 212.0 923.0 220.0 920.0 221.0 924.0 small-vehicle 0
238.0 926.0 237.0 923.0 246.0 918.0 248.0 922.0 small-vehicle 1
192.0 942.0 191.0 939.0 198.0 937.0 199.0 940.0 small-vehicle 1
201.0 939.0 199.0 936.0 208.0 933.0 209.0 937.0 small-vehicle 1
159.0 778.0 163.0 780.0 159.0 788.0 155.0 786.0 small-vehicle 0
172.0 782.0 175.0 784.0 172.0 792.0 169.0 790.0 small-vehicle 1
21.0 922.0 22.0 918.0 31.0 921.0 30.0 925.0 small-vehicle 0
53.0 907.0 54.0 903.0 64.0 905.0 64.0 908.0 small-vehicle 1
140.0 841.0 136.0 838.0 140.0 832.0 143.0 834.0 small-vehicle 1
717.0 971.0 721.0 970.0 722.0 979.0 718.0 979.0 large-vehicle 0
576.0 885.0 580.0 883.0 585.0 889.0 581.0 891.0 small-vehicle 1
