341.0 420.0 367.0 364.0 432.0 386.0 410.0 445.0 plane 0
399.0 286.0 420.0 230.0 488.0 256.0 462.0 314.0 plane 0
462.0 176.0 515.0 144.0 553.0 207.0 505.0 237.0 plane 0
810.0 266.0 820.0 326.0 769.0 338.0 754.0 277.0 plane 0
754.0 541.0 726.0 597.0 677.0 577.0 702.0 520.0 plane 0
269.0 2.0 272.0 1.0 278.0 2.0 276.0 6.0 small-vehicle 1
429.0 160.0 433.0 157.0 439.0 163.0 435.0 166.0 large-vehicle 0
436.0 152.0 444.0 159.0 442.0 161.0 434.0 155.0 large-vehicle 0
438.0 151.0 441.0 148.0 448.0 155.0 445.0 157.0 large-vehicle 0
482.0 116.0 486.0 113.0 491.0 122.0 486.0 126.0 large-vehicle 0
487.0 112.0 492.0 110.0 498.0 120.0 493.0 123.0 large-vehicle 0
499.0 107.0 503.0 105.0 509.0 115.0 504.0 118.0 large-vehicle 0
565.0 103.0 559.0 102.0 560.0 89.0 565.0 89.0 large-vehicle 0
797.0 187.0 802.0 189.0 796.0 200.0 791.0 197.0 large-vehicle 0
315.0 488.0 339.0 434.0 406.0 457.0 377.0 515.0 plane 0
