315.0 213.0 314.0 209.0 320.0 203.0 322.0 209.0 small-vehicle 0
318.0 232.0 316.0 229.0 323.0 225.0 325.0 229.0 small-vehicle 0
747.0 323.0 751.0 322.0 753.0 330.0 748.0 331.0 small-vehicle 1
745.0 454.0 748.0 458.0 744.0 464.0 741.0 462.0 small-vehicle 1
730.0 355.0 736.0 354.0 735.0 361.0 730.0 362.0 small-vehicle 1
726.0 294.0 729.0 293.0 732.0 298.0 729.0 300.0 small-vehicle 1
746.0 423.0 750.0 424.0 748.0 433.0 744.0 431.0 small-vehicle 1
732.0 441.0 736.0 442.0 735.0 448.0 731.0 447.0 small-vehicle 1
526.0 893.0 523.0 889.0 528.0 883.0 532.0 886.0 small-vehicle 1
534.0 130.0 530.0 128.0 534.0 120.0 537.0 122.0 small-vehicle 0
549.0 136.0 552.0 134.0 556.0 143.0 552.0 144.0 small-vehicle 0
549.0 117.0 552.0 118.0 551.0 127.0 546.0 126.0 small-vehicle 0
739.0 357.0 743.0 356.0 743.0 363.0 739.0 363.0 small-vehicle 1
749.0 368.0 753.0 367.0 754.0 375.0 750.0 376.0 small-vehicle 1
713.0 331.0 718.0 329.0 719.0 343.0 714.0 343.0 large-vehicle 0
748.0 355.0 752.0 355.0 753.0 361.0 748.0 362.0 small-vehicle 1
312.0 222.0 310.0 218.0 317.0 213.0 318.0 217.0 small-vehicle 0
212.0 303.0 212.0 299.0 220.0 296.0 221.0 300.0 small-vehicle 0
238.0 302.0 237.0 299.0 246.0 294.0 248.0 298.0 small-vehicle 1
192.0 318.0 191.0 315.0 198.0 313.0 199.0 316.0 small-vehicle 1
201.0 315.0 199.0 312.0 208.0 309.0 209.0 313.0 small-vehicle 1
159.0 154.0 163.0 156.0 159.0 164.0 155.0 162.0 small-vehicle 0
172.0 158.0 175.0 160.0 172.0 168.0 169.0 166.0 small-vehicle 1
21.0 298.0 22.0 294.0 31.0 297.0 30.0 301.0 small-vehicle 0
53.0 283.0 54.0 279.0 64.0 281.0 64.0 284.0 small-vehicle 1
140.0 217.0 136.0 214.0 140.0 208.0 143.0 210.0 small-vehicle 1
622.0 720.0 627.0 722.0 624.0 730.0 619.0 728.0 small-vehicle 1
538.0 862.0 541.0 864.0 536.0 871.0 532.0 868.0 small-vehicle 0
563.0 873.0 566.0 875.0 562.0 882.0 558.0 879.0 small-vehicle 0
546.0 873.0 551.0 876.0 546.0 884.0 541.0 881.0 small-vehicle 0
507.0 908.0 511.0 911.0 505.0 918.0 501.0 913.0 small-vehicle 0
401.0 965.0 400.0 969.0 391.0 966.0 393.0 962.0 small-vehicle 1
463.0 944.0 465.0 947.0 457.0 951.0 455.0 947.0 small-vehicle 1
95.0 726.0 99.0 725.0 101.0 737.0 97.0 738.0 large-vehicle 0
112.0 681.0 115.0 680.0 117.0 689.0 113.0 690.0 small-vehicle 0
110.0 703.0 114.0 702.0 115.0 711.0 111.0 712.0 small-vehicle 1
717.0 347.0 721.0 346.0 722.0 355.0 718.0 355.0 large-vehicle 0
576.0 261.0 580.0 259.0 585.0 265.0 581.0 267.0 small-vehicle 1
748.0 410.0 753.0 411.0 751.0 419.0 747.0 417.0 small-vehicle 1
